NumProtocols 10
Protocol 1
Upstream 
Pos 0
NumGaussians 1
295.000000 0.500000 0.000141
Pos 1
NumGaussians 16
88.000000 0.150087 0.000100
111.309130 0.378746 0.009560
130.351899 0.279521 0.007339
190.000000 0.010642 0.000103
254.779748 0.064670 0.031897
294.236956 0.028632 0.000796
345.703155 0.006567 0.000336
442.043942 0.017220 0.016015
562.648610 0.008530 0.003238
607.145737 0.033966 0.007757
705.984484 0.002606 0.003707
1230.737133 0.003318 0.001609
1398.014192 0.004655 0.000688
2780.000000 0.002668 0.000112
7162.308768 0.004523 0.024365
371.119871 0.002140 0.270642
Pos 2
NumGaussians 8
480.398024 0.183570 0.004410
515.901579 0.089111 0.002805
569.620701 0.054922 0.009823
1112.600758 0.129376 0.002635
1420.607846 0.145603 0.007945
2780.000000 0.092588 0.000110
6769.170688 0.091261 0.014398
156.465992 0.178781 0.131981
Pos 3
NumGaussians 16
25.132919 0.099499 0.001534
35.980801 0.030838 0.005552
63.000938 0.005645 0.031193
128.963050 0.007220 0.015666
171.000000 0.107129 0.000100
206.153084 0.057114 0.022624
308.809913 0.025949 0.023594
438.125274 0.025278 0.026847
499.223364 0.493749 0.011937
604.125539 0.063463 0.007720
728.831701 0.006728 0.007238
1116.903248 0.060482 0.004220
1400.000000 0.003667 0.000110
2780.000000 0.002201 0.000115
5210.882014 0.004236 0.024662
877.450665 0.005385 0.107206
Pos 4
NumGaussians 7
32.588010 0.811793 0.007531
106.016575 0.014128 0.006591
134.971299 0.014760 0.003570
167.106572 0.020018 0.011137
519.037553 0.035407 0.006330
1400.000000 0.031603 0.000106
469.766229 0.063507 0.266894
Downstream 
Pos 0
NumGaussians 6
-88.000000 0.958666 0.000100
-115.791599 0.003187 0.003874
-133.028275 0.004784 0.006437
-402.204526 0.018605 0.003797
-446.915865 0.013359 0.005640
-548.000000 0.000666 0.000141
Pos 1
NumGaussians 2
-58.000000 0.333333 0.000141
-91.000000 0.333333 0.000141
Pos 2
NumGaussians 13
-121.104006 0.064823 0.015093
-159.000000 0.104030 0.000100
-237.525023 0.029666 0.014813
-245.566902 0.076449 0.003389
-331.814077 0.037951 0.010854
-398.687202 0.084625 0.016180
-477.455806 0.167658 0.022331
-538.505120 0.281085 0.002618
-641.171628 0.060435 0.000177
-650.732455 0.029030 0.020794
-956.218196 0.060142 0.003262
-1166.971130 0.002093 0.009923
-35.000000 0.000707 0.000141
Pos 3
NumGaussians 11
-30.964280 0.163985 0.005386
-40.759405 0.030254 0.002087
-121.497814 0.041556 0.000657
-141.865122 0.143766 0.011495
-207.967318 0.077015 0.011954
-245.377653 0.142976 0.002760
-257.764993 0.187435 0.106490
-370.912710 0.014061 0.003298
-438.002243 0.065942 0.014844
-526.764558 0.039752 0.003719
-967.781522 0.075750 0.003894
Pos 4
NumGaussians 13
-30.527582 0.607099 0.005232
-42.281130 0.248685 0.015239
-86.880014 0.015378 0.036297
-122.000000 0.016178 0.000103
-149.098038 0.029460 0.021995
-199.036348 0.003364 0.005794
-237.477260 0.028977 0.019200
-309.506682 0.008209 0.017464
-361.839329 0.004649 0.004935
-428.763700 0.019578 0.011441
-539.880266 0.010293 0.010290
-825.039408 0.004116 0.009110
-1248.383194 0.002531 0.045653
Protocol 2
Upstream 
Pos 0
NumGaussians 0
Pos 1
NumGaussians 2
22.000000 0.506667 0.000101
115.000000 0.480000 0.000101
Pos 2
NumGaussians 2
23.427996 0.991398 0.006019
198.951939 0.006452 0.149824
Pos 3
NumGaussians 5
30.000000 0.957671 0.000100
46.249385 0.010572 0.000733
251.253025 0.018453 0.004972
400.055129 0.007834 0.008791
32.000000 0.002645 0.000141
Pos 4
NumGaussians 3
24.434067 0.096602 0.007765
46.093491 0.780311 0.000651
405.616877 0.095852 0.014780
Downstream 
Pos 0
NumGaussians 2
-22.144220 0.926148 0.002010
-84.000000 0.071856 0.000101
Pos 1
NumGaussians 1
-28.046775 0.997658 0.000550
Pos 2
NumGaussians 2
-22.000000 0.027027 0.000141
-45.010713 0.945946 0.005175
Pos 3
NumGaussians 2
-27.944993 0.967480 0.012202
-592.340251 0.024390 0.255458
Pos 4
NumGaussians 5
-22.000000 0.795197 0.000100
-45.589135 0.008468 0.026545
-392.111829 0.032352 0.000674
-403.242428 0.154626 0.002406
-212.000000 0.002178 0.000141
Protocol 8
Upstream 
Pos 0
NumGaussians 1
24.655000 0.937500 0.004458
Pos 1
NumGaussians 18
33.871958 0.436644 0.000722
67.006296 0.105425 0.018551
100.539095 0.089404 0.004950
122.833535 0.126929 0.011260
157.693741 0.027588 0.015576
220.745804 0.046799 0.035716
274.312253 0.017441 0.002388
392.549418 0.044938 0.040041
400.873646 0.036265 0.004846
502.097816 0.028978 0.006855
609.905165 0.008128 0.005471
756.740619 0.002097 0.006240
873.705277 0.002098 0.006064
1389.858253 0.003517 0.002839
2780.000000 0.002823 0.000112
5700.291270 0.016937 0.000104
1250.853803 0.001404 0.002612
5562.416504 0.001411 0.000330
Pos 2
NumGaussians 12
30.216048 0.353101 0.005405
82.234299 0.153905 0.003673
90.427127 0.118354 0.006975
125.720171 0.130988 0.039084
208.509477 0.045563 0.003504
233.157277 0.014324 0.004496
273.942359 0.081157 0.003296
330.266964 0.046044 0.016804
1160.959513 0.007436 0.011151
1395.875872 0.012054 0.001204
2876.762316 0.006946 0.003951
856.542176 0.025149 0.185051
Pos 3
NumGaussians 17
31.739907 0.137801 0.002499
46.857467 0.172795 0.001756
80.495437 0.031033 0.014651
130.473804 0.123226 0.000708
148.754584 0.033067 0.036227
208.000000 0.293803 0.000100
220.954684 0.046242 0.024238
292.328168 0.051813 0.001258
349.226228 0.017963 0.006640
438.518000 0.019529 0.017720
525.021294 0.004041 0.002810
625.734225 0.010312 0.016747
788.600987 0.001228 0.002119
903.794750 0.010434 0.014298
1256.511821 0.004037 0.006345
1481.654203 0.039172 0.007905
2632.666454 0.001445 0.007170
Pos 4
NumGaussians 14
24.651021 0.011773 0.002768
52.268026 0.260983 0.002833
77.276167 0.269492 0.008866
102.503390 0.046311 0.011736
145.842206 0.064555 0.022641
179.080371 0.038500 0.017729
216.432652 0.031258 0.011381
276.680701 0.010991 0.011906
343.197736 0.007692 0.015193
424.422048 0.002697 0.007614
1005.047846 0.032571 0.076449
1535.145753 0.024091 0.001150
1480.000000 0.184030 0.000100
2777.542386 0.012773 0.000288
Downstream 
Pos 0
NumGaussians 13
-24.000000 0.016823 0.000102
-44.387228 0.424544 0.006546
-80.057642 0.080044 0.004708
-119.068700 0.290338 0.004484
-224.000000 0.006055 0.000105
-451.764880 0.040426 0.012123
-530.877575 0.077206 0.007741
-599.274476 0.032985 0.008803
-692.604793 0.001933 0.001352
-954.000000 0.004707 0.000107
-1495.335395 0.015091 0.004418
-2279.292589 0.002611 0.003053
-714.582773 0.005919 0.177945
Pos 1
NumGaussians 5
-44.000000 0.282322 0.000102
-127.825381 0.185620 0.017291
-967.713291 0.032400 0.004711
-1071.139634 0.328065 0.001553
-315.346885 0.143982 0.251468
Pos 2
NumGaussians 12
-24.000000 0.013096 0.000104
-52.535006 0.224414 0.005405
-91.773223 0.021789 0.011716
-106.146207 0.142841 0.004247
-139.130396 0.411534 0.006715
-266.000000 0.005612 0.000108
-399.032041 0.108409 0.025570
-493.810186 0.032493 0.007011
-549.711363 0.021860 0.010241
-679.923426 0.003861 0.017248
-954.000000 0.003742 0.000112
-2328.745095 0.006306 0.042901
Pos 3
NumGaussians 9
-34.236609 0.103342 0.011112
-54.183571 0.076274 0.003800
-130.291209 0.090165 0.001461
-266.000000 0.103833 0.000106
-392.668899 0.076606 0.000315
-446.578629 0.235631 0.015283
-557.985611 0.167425 0.188512
-1372.674327 0.082299 0.007638
-2708.835539 0.036740 0.004919
Pos 4
NumGaussians 15
-24.381889 0.083735 0.000889
-56.769200 0.408750 0.005573
-128.067650 0.027028 0.004041
-172.078740 0.007261 0.013197
-263.274664 0.019542 0.012201
-318.273640 0.045153 0.010351
-391.816035 0.246270 0.012748
-448.262681 0.065115 0.007299
-492.100519 0.016852 0.005777
-570.198747 0.012663 0.011333
-990.472939 0.007248 0.012930
-1376.933270 0.011926 0.003485
-1919.055235 0.016483 0.027754
-4993.219750 0.025108 0.034200
-741.000000 0.002462 0.000141
Protocol 16
Upstream 
Pos 0
NumGaussians 0
Pos 1
NumGaussians 12
83.000000 0.001998 0.000115
99.770225 0.015301 0.002781
152.855771 0.332863 0.010423
166.000000 0.096149 0.000100
556.000000 0.001998 0.000115
856.430953 0.039896 0.003105
962.413158 0.033068 0.007103
1161.132471 0.009662 0.008720
1414.066148 0.042536 0.005105
1761.161530 0.051279 0.005910
2745.952971 0.062358 0.013451
4490.900155 0.309970 0.001979
Pos 2
NumGaussians 12
24.328254 0.041979 0.004298
57.000000 0.021121 0.000115
269.000000 0.042232 0.000108
325.449809 0.062902 0.000989
389.000000 0.028131 0.000112
436.897688 0.014536 0.012219
556.000000 0.021091 0.000115
758.626152 0.066167 0.007187
1435.179596 0.211988 0.012696
1772.833854 0.315051 0.001212
3078.750759 0.090794 0.002992
707.208099 0.069340 0.229052
Pos 3
NumGaussians 14
63.851320 0.428302 0.002885
81.577920 0.463793 0.007604
112.000000 0.005069 0.000112
255.872772 0.016247 0.018716
339.466608 0.002491 0.003904
410.306410 0.017531 0.011932
538.759272 0.007633 0.021335
702.000000 0.002534 0.000122
937.874459 0.004729 0.013340
1154.923399 0.004535 0.002748
1399.923176 0.016441 0.000110
1632.808217 0.015728 0.041433
2925.353503 0.003234 0.011127
4910.798433 0.006880 0.023732
Pos 4
NumGaussians 16
64.116954 0.051839 0.032847
63.000000 0.068553 0.000101
79.000000 0.054558 0.000101
199.423019 0.256741 0.012091
237.571547 0.031869 0.003225
260.230482 0.030910 0.018911
404.860383 0.107820 0.020227
537.134911 0.077984 0.014588
657.839264 0.008518 0.013431
840.532993 0.029304 0.014434
1018.567477 0.008067 0.005911
1409.230749 0.035327 0.001767
2071.239179 0.114280 0.073462
4063.031117 0.041493 0.004329
10600.265802 0.072816 0.010452
84.980574 0.007144 0.049988
Downstream 
Pos 0
NumGaussians 8
-65.000000 0.005330 0.000106
-97.238653 0.163167 0.010790
-122.000000 0.256483 0.000100
-145.820484 0.171179 0.005535
-180.695839 0.361990 0.004256
-214.575276 0.027687 0.013601
-384.622839 0.012649 0.001523
-402.000000 0.000666 0.000141
Pos 1
NumGaussians 0
Pos 2
NumGaussians 14
-65.073925 0.153838 0.003224
-83.350669 0.285597 0.007007
-104.000000 0.006615 0.000105
-154.964832 0.004996 0.004030
-202.941915 0.242501 0.001722
-220.234226 0.252396 0.003807
-338.903779 0.013600 0.006232
-681.197117 0.008115 0.017672
-824.287787 0.002993 0.006292
-912.586546 0.002020 0.003438
-1138.657095 0.004717 0.008872
-1426.899058 0.005433 0.010674
-1861.511751 0.007112 0.006530
-472.782654 0.008455 0.248906
Pos 3
NumGaussians 12
-64.323897 0.004189 0.002954
-202.000000 0.067306 0.000101
-218.645010 0.081303 0.005445
-258.499646 0.002799 0.000451
-359.204732 0.016752 0.002230
-549.092142 0.440510 0.047194
-586.351416 0.114562 0.005396
-640.308638 0.102593 0.012217
-898.836395 0.085602 0.031071
-1008.260638 0.030494 0.003312
-1522.234784 0.034324 0.037463
-1744.160131 0.010061 0.003755
Pos 4
NumGaussians 19
-28.335034 0.005056 0.009766
-53.777179 0.029059 0.008966
-118.448355 0.006254 0.016451
-164.653173 0.012626 0.006368
-200.545053 0.010065 0.004029
-227.502524 0.011370 0.006142
-293.618092 0.012711 0.012063
-363.926966 0.206468 0.006775
-425.000000 0.027670 0.000102
-444.001878 0.075814 0.034627
-610.784252 0.069204 0.021644
-815.174492 0.079581 0.013829
-995.604171 0.176343 0.002708
-1055.202761 0.166370 0.017210
-1428.087170 0.037139 0.010170
-1746.488201 0.037743 0.015686
-2585.223434 0.014854 0.009604
-3651.222513 0.017943 0.028771
-89.000000 0.001264 0.000142
Protocol 17
Upstream 
Pos 0
NumGaussians 1
178.000000 0.500000 0.000141
Pos 1
NumGaussians 16
117.550246 0.004088 0.002962
150.403855 0.010737 0.008993
177.658923 0.009061 0.005581
243.000809 0.077426 0.021995
307.613498 0.042060 0.008976
351.596153 0.136460 0.001931
440.089143 0.189262 0.040307
657.070287 0.019951 0.006406
742.817601 0.017604 0.004224
854.834094 0.034004 0.012694
1111.122711 0.037158 0.018968
1415.882051 0.055363 0.006559
2113.810177 0.073989 0.042651
2789.346638 0.036461 0.003316
4235.265321 0.253583 0.028468
74.500843 0.001438 0.044292
Pos 2
NumGaussians 18
26.900351 0.016708 0.005647
59.839800 0.006215 0.008694
77.009847 0.002722 0.007482
124.352378 0.010168 0.015775
195.247909 0.019312 0.018843
244.000000 0.006435 0.000110
316.964861 0.012893 0.023909
372.590876 0.005836 0.000789
425.499664 0.020951 0.021416
539.283578 0.011899 0.005863
689.233991 0.023496 0.026550
839.603752 0.010364 0.007455
963.238880 0.017701 0.013692
1161.450379 0.024008 0.013789
1419.351251 0.072753 0.004949
1747.356107 0.084697 0.037021
2776.165693 0.024211 0.000445
4889.542826 0.627169 0.028155
Pos 3
NumGaussians 18
42.745837 0.003308 0.003034
87.563887 0.004121 0.006879
117.497122 0.006602 0.002788
165.238707 0.025247 0.017179
221.562307 0.030690 0.008870
255.686303 0.042058 0.009499
304.626958 0.022395 0.005813
369.703043 0.061612 0.018769
462.956023 0.052824 0.015253
537.645662 0.009337 0.005107
611.531597 0.013167 0.007900
836.031202 0.082016 0.039113
1177.743407 0.034870 0.025834
1438.062335 0.113743 0.008908
1848.976524 0.045823 0.012790
2670.867601 0.094125 0.011170
4364.291497 0.355686 0.023657
25.000000 0.000830 0.000141
Pos 4
NumGaussians 18
25.000000 0.003479 0.000115
48.981091 0.011536 0.013707
96.201261 0.005873 0.010474
120.465281 0.004465 0.010370
223.467978 0.015020 0.013307
258.709002 0.008974 0.004335
338.736055 0.033674 0.013214
352.423016 0.088439 0.001740
405.604442 0.059165 0.057826
542.746467 0.014479 0.007086
680.767307 0.018847 0.020982
843.222168 0.010306 0.005469
1015.018063 0.042074 0.013947
1394.928897 0.079868 0.001155
1779.647222 0.172926 0.061761
2759.887792 0.110488 0.000470
4680.596261 0.315920 0.028133
152.499623 0.002316 0.000600
Downstream 
Pos 0
NumGaussians 15
-192.307931 0.004573 0.005425
-235.642085 0.003334 0.016319
-303.335641 0.030225 0.017759
-362.561343 0.088538 0.002272
-400.216368 0.250310 0.026563
-491.882454 0.124578 0.017965
-600.255511 0.126545 0.024015
-786.745316 0.117601 0.024154
-966.271776 0.062634 0.012796
-1181.723802 0.067303 0.013827
-1372.992069 0.041623 0.018375
-1784.438681 0.033847 0.017770
-2756.093891 0.013892 0.000107
-2611.761022 0.032996 0.034210
-112.000000 0.000666 0.000141
Pos 1
NumGaussians 12
-80.806086 0.031582 0.003515
-112.841893 0.055713 0.021067
-149.205192 0.029449 0.002332
-210.853597 0.352638 0.102652
-376.660919 0.096878 0.011142
-454.950593 0.035336 0.005063
-617.910166 0.052643 0.011204
-871.670702 0.083237 0.017502
-1068.798915 0.049749 0.016510
-1396.995010 0.027769 0.000435
-2756.000000 0.056180 0.000112
-2557.274911 0.100631 0.072232
Pos 2
NumGaussians 13
-190.000000 0.004117 0.000116
-314.424729 0.025957 0.012186
-385.760274 0.116145 0.019808
-468.187096 0.260570 0.023989
-613.759897 0.154667 0.025572
-808.335521 0.130411 0.020437
-985.466592 0.098328 0.013554
-1186.325985 0.076733 0.009911
-1349.854806 0.041173 0.007158
-1793.376818 0.068461 0.021239
-2767.107988 0.006408 0.005476
-4132.943330 0.005507 0.000379
-185.850010 0.009126 0.069387
Pos 3
NumGaussians 12
-336.442300 0.133970 0.045032
-361.985830 0.274000 0.004133
-448.634063 0.149196 0.017013
-530.068928 0.054599 0.007661
-598.907274 0.089923 0.011212
-705.278437 0.075718 0.012482
-931.211124 0.108511 0.023525
-1281.922983 0.043948 0.015347
-1619.346233 0.027682 0.018471
-2078.979295 0.006567 0.000836
-3054.498169 0.020046 0.010286
-4502.498051 0.006614 0.007662
Pos 4
NumGaussians 14
-112.000000 0.004685 0.000115
-194.235092 0.005871 0.001346
-317.849293 0.019760 0.005957
-359.945278 0.055041 0.003906
-465.396673 0.427611 0.036001
-673.883916 0.144495 0.027816
-820.462586 0.074129 0.012805
-970.354159 0.082825 0.017482
-1195.486097 0.063947 0.008567
-1347.254903 0.058479 0.010232
-1894.658137 0.038843 0.017822
-2838.069940 0.005149 0.012564
-4230.741506 0.006212 0.004026
-220.482251 0.010272 0.057356
Protocol 21
Upstream 
Pos 0
NumGaussians 0
Pos 1
NumGaussians 11
99.000000 0.433333 0.000100
158.000000 0.050824 0.000101
291.745539 0.054504 0.060373
370.000000 0.008272 0.000105
401.000000 0.133293 0.000100
523.062696 0.072418 0.016286
625.969477 0.019944 0.001329
792.464885 0.174455 0.029081
1251.000000 0.035832 0.000101
1386.497550 0.003331 0.000382
1699.554342 0.007506 0.002017
Pos 2
NumGaussians 5
58.000000 0.091740 0.000101
79.000000 0.878896 0.000100
1415.994327 0.014644 0.001455
2756.000000 0.005504 0.000115
83.257945 0.003950 0.165504
Pos 3
NumGaussians 10
30.997059 0.470180 0.008456
465.289821 0.029250 0.003518
588.679063 0.087574 0.014156
786.695254 0.028947 0.010279
898.000000 0.029405 0.000115
1215.388134 0.136841 0.002703
1417.311836 0.117296 0.006244
2756.000000 0.039212 0.000112
4766.149215 0.028592 0.018877
79.000000 0.019605 0.000122
Pos 4
NumGaussians 8
26.000000 0.372433 0.000100
75.850915 0.116597 0.009846
525.711393 0.225964 0.027818
660.355391 0.043312 0.002534
733.183354 0.035996 0.007520
926.002260 0.042355 0.015315
1312.208173 0.123668 0.019917
807.716349 0.033634 0.200656
Downstream 
Pos 0
NumGaussians 9
-66.000000 0.097419 0.000100
-102.000000 0.529558 0.000100
-211.105566 0.145686 0.002601
-386.685591 0.013318 0.000839
-520.507046 0.030620 0.015741
-559.916306 0.089425 0.006443
-646.036354 0.042560 0.012435
-717.276889 0.049588 0.002177
-99.000000 0.000832 0.000141
Pos 1
NumGaussians 1
-79.000000 0.500000 0.000141
Pos 2
NumGaussians 9
-26.000000 0.249220 0.000101
-70.000000 0.012460 0.000112
-127.000000 0.457943 0.000100
-159.000000 0.031152 0.000105
-186.000000 0.031152 0.000105
-309.619273 0.080815 0.000676
-386.000000 0.109026 0.000101
-681.904382 0.006991 0.008222
-604.231927 0.013314 0.093572
Pos 3
NumGaussians 7
-26.000000 0.668621 0.000100
-79.000000 0.206744 0.000100
-575.253473 0.027065 0.014696
-651.182831 0.069757 0.012412
-723.094264 0.012870 0.003036
-812.239161 0.007391 0.010865
-218.449564 0.005830 0.005833
Pos 4
NumGaussians 5
-73.749918 0.009724 0.000667
-309.999013 0.012158 0.000690
-571.755505 0.111184 0.011630
-666.010899 0.858986 0.022178
-52.000000 0.002432 0.000141
Protocol 27
Upstream 
Pos 0
NumGaussians 1
30.000000 0.998720 0.000100
Pos 1
NumGaussians 4
30.000000 0.190463 0.000112
124.830221 0.285240 0.002152
1400.000000 0.238082 0.000110
2450.540814 0.237854 0.000863
Pos 2
NumGaussians 4
47.833268 0.016754 0.000630
83.710599 0.026488 0.006246
113.196177 0.945508 0.002891
817.000919 0.009423 0.055782
Pos 3
NumGaussians 2
48.939918 0.923077 0.006910
87.000000 0.051282 0.000122
Pos 4
NumGaussians 2
63.000000 0.277778 0.000110
127.077363 0.666667 0.002463
Downstream 
Pos 0
NumGaussians 3
-59.278052 0.140133 0.012907
-156.140563 0.623053 0.006462
-180.069684 0.183108 0.007538
Pos 1
NumGaussians 6
-30.000000 0.056338 0.000101
-49.808389 0.792586 0.004930
-158.440612 0.135705 0.001652
-62.221612 0.011476 0.000665
-115.000000 0.001280 0.000141
-290.000000 0.001280 0.000141
Pos 2
NumGaussians 2
-46.000000 0.846154 0.000102
-338.662239 0.128205 0.007621
Pos 3
NumGaussians 3
-197.126194 0.679672 0.009883
-330.000000 0.157880 0.000115
-49.882485 0.096305 0.041307
Pos 4
NumGaussians 3
-175.000000 0.837831 0.000102
-542.761620 0.107289 0.006047
-1975.000000 0.027017 0.000141
Protocol 32
Upstream 
Pos 0
NumGaussians 3
38.403781 0.052626 0.001387
73.899350 0.275103 0.009490
116.942055 0.655513 0.000323
Pos 1
NumGaussians 0
Pos 2
NumGaussians 6
29.507251 0.669685 0.007751
46.382706 0.273388 0.005977
83.429194 0.017988 0.004323
106.000000 0.020000 0.000102
151.923495 0.017323 0.000329
347.000000 0.000666 0.000141
Pos 3
NumGaussians 2
33.984820 0.750000 0.005027
56.983842 0.166667 0.004837
Pos 4
NumGaussians 6
25.315890 0.603286 0.000856
54.000000 0.284963 0.000100
76.000000 0.002669 0.000112
46.149844 0.106343 0.017422
1350.000000 0.000671 0.000141
277.000000 0.000671 0.000141
Downstream 
Pos 0
NumGaussians 0
Pos 1
NumGaussians 3
-26.861040 0.649888 0.000631
-34.467230 0.348082 0.005419
-390.000000 0.000666 0.000141
Pos 2
NumGaussians 1
-39.000000 0.500000 0.000141
Pos 3
NumGaussians 5
-33.122830 0.732171 0.004723
-54.711740 0.222402 0.000743
-51.746021 0.043352 0.003679
-355.000000 0.000671 0.000141
-89.000000 0.000671 0.000141
Pos 4
NumGaussians 2
-33.164471 0.846154 0.005353
-69.000000 0.076923 0.000141
Protocol 34
Upstream 
Pos 0
NumGaussians 10
26.000000 0.038070 0.000103
42.935267 0.522393 0.002464
76.734812 0.254337 0.013485
93.000000 0.014796 0.000108
276.000000 0.010143 0.000112
1044.000000 0.088832 0.000101
1415.308898 0.012625 0.004237
3036.237733 0.020067 0.019331
11231.436994 0.030268 0.012728
266.517335 0.004495 0.057856
Pos 1
NumGaussians 6
37.000000 0.099998 0.000104
49.000000 0.407690 0.000101
1400.000000 0.315359 0.000101
2780.000000 0.015362 0.000123
6581.458453 0.103020 0.025699
1100.594438 0.037692 0.152571
Pos 2
NumGaussians 11
26.000000 0.039633 0.000104
55.180131 0.227981 0.003611
79.000000 0.515243 0.000100
1400.000000 0.124999 0.000101
2780.000000 0.009136 0.000115
5332.324083 0.023951 0.031614
1044.000000 0.003048 0.000141
96.000000 0.003048 0.000141
88.000000 0.027438 0.000105
92.000000 0.006097 0.000122
85.000000 0.012194 0.000112
Pos 3
NumGaussians 6
56.000000 0.464910 0.000101
94.723905 0.034899 0.004598
109.000000 0.114033 0.000104
1400.000000 0.280700 0.000102
8474.924478 0.068963 0.031004
881.000000 0.008769 0.000141
Pos 4
NumGaussians 10
41.315357 0.706499 0.001207
68.000000 0.023794 0.000107
103.600031 0.017043 0.001104
150.000000 0.013651 0.000112
183.000000 0.075084 0.000102
243.000000 0.034129 0.000105
353.000000 0.030716 0.000105
49.556215 0.087954 0.015359
1388.000000 0.003412 0.000141
312.000000 0.003412 0.000141
Downstream 
Pos 0
NumGaussians 4
-1262.872038 0.716064 0.016248
-1438.389401 0.222439 0.001021
-2780.000000 0.007352 0.000115
-6595.974011 0.051219 0.018661
Pos 1
NumGaussians 12
-36.000000 0.289916 0.000100
-92.000000 0.005952 0.000112
-696.595711 0.005843 0.003461
-824.710831 0.015018 0.013443
-1090.251586 0.032191 0.022432
-1445.065809 0.277789 0.009229
-2008.843198 0.054147 0.027175
-2780.000000 0.199357 0.000100
-6146.799619 0.007293 0.035943
-34.063896 0.104344 0.004515
-114.000000 0.001488 0.000141
-209.000000 0.001488 0.000141
Pos 2
NumGaussians 19
-33.000000 0.139807 0.000101
-43.437053 0.090042 0.020337
-80.130379 0.034181 0.011650
-103.427270 0.009338 0.005768
-143.913306 0.030542 0.021942
-199.430582 0.033313 0.015448
-269.207712 0.016401 0.011133
-314.794984 0.016279 0.005885
-350.980894 0.008211 0.002452
-457.750138 0.013634 0.008816
-637.807248 0.019084 0.011458
-762.985017 0.008030 0.003485
-917.513880 0.030181 0.013628
-1226.838549 0.035499 0.013740
-1400.000000 0.373582 0.000100
-2048.141699 0.019060 0.025093
-2780.000000 0.093389 0.000101
-5533.101707 0.019226 0.000255
-529.000000 0.002746 0.000141
Pos 3
NumGaussians 17
-32.000000 0.359035 0.000100
-36.090925 0.181596 0.005943
-57.063014 0.030248 0.005971
-100.128308 0.021933 0.029792
-154.943341 0.007580 0.006666
-235.943010 0.008451 0.013347
-309.698556 0.008525 0.005841
-368.968807 0.006401 0.003910
-441.490245 0.008567 0.001811
-514.358067 0.010659 0.007464
-646.214779 0.008090 0.007124
-761.727580 0.019693 0.012242
-926.906585 0.009894 0.006879
-1128.888946 0.041334 0.021335
-1400.000000 0.253195 0.000100
-2711.761995 0.017129 0.004185
-5515.904255 0.004289 0.000353
Pos 4
NumGaussians 10
-33.000000 0.070640 0.000104
-41.000000 0.257493 0.000101
-478.775074 0.015781 0.008303
-540.123798 0.014168 0.009736
-905.424011 0.009927 0.006850
-1098.687963 0.025051 0.010487
-1400.000000 0.484847 0.000101
-2780.000000 0.045453 0.000105
-64.378455 0.054480 0.051139
-4116.000000 0.005049 0.000141
Protocol 36
Upstream 
Pos 0
NumGaussians 4
62.363064 0.867531 0.001037
143.273717 0.124846 0.004324
330.000000 0.003745 0.000115
88.000000 0.001248 0.000141
Pos 1
NumGaussians 0
Pos 2
NumGaussians 7
67.043266 0.028703 0.000566
131.000000 0.016229 0.000104
145.000000 0.851435 0.000100
210.239284 0.004980 0.002139
250.896529 0.036200 0.000289
332.519258 0.059920 0.000839
85.000000 0.001248 0.000141
Pos 3
NumGaussians 0
Pos 4
NumGaussians 2
53.717816 0.854962 0.013406
77.534720 0.137405 0.013094
Downstream 
Pos 0
NumGaussians 0
Pos 1
NumGaussians 2
-33.940062 0.883895 0.001013
-40.902021 0.114856 0.004156
Pos 2
NumGaussians 0
Pos 3
NumGaussians 3
-30.619547 0.442697 0.001355
-54.809688 0.526477 0.006615
-103.324386 0.022757 0.004258
Pos 4
NumGaussians 0
