IdentifiedProtocols  410     
#N	App_ID	Sub_ID
0,	0,	0,
1,	1,	0,
2,	1,	1,
3,	1,	2,
4,	1,	3,
5,	1,	4,
6,	1,	5,
7,	1,	6,
8,	1,	7,
9,	1,	8,
10,	1,	9,
11,	1,	10,
12,	1,	11,
13,	1,	12,
14,	1,	13,
15,	2,	0,
16,	3,	0,
17,	4,	0,
18,	5,	0,
19,	6,	0,
20,	7,	0,
21,	8,	0,
22,	9,	0,
23,	10,	0,
24,	10,	1,
25,	10,	2,
26,	11,	0,
27,	12,	0,
28,	13,	0,
29,	14,	0,
30,	15,	0,
31,	16,	0,
32,	17,	0,
33,	18,	0,
34,	19,	0,
35,	20,	0,
36,	21,	0,
37,	22,	0,
38,	23,	0,
39,	24,	0,
40,	25,	0,
41,	26,	0,
42,	26,	1,
43,	26,	2,
44,	27,	0,
45,	28,	0,
46,	28,	1,
47,	29,	0,
48,	30,	0,
49,	31,	0,
50,	32,	0,
51,	33,	0,
52,	34,	0,
53,	35,	0,
54,	36,	0,
55,	37,	0,
56,	38,	0,
57,	39,	0,
58,	39,	1,
59,	40,	0,
60,	41,	0,
61,	42,	0,
62,	43,	0,
63,	44,	0,
64,	45,	0,
65,	46,	0,
66,	47,	0,
67,	48,	0,
68,	49,	0,
69,	50,	0,
70,	51,	0,
71,	52,	0,
72,	53,	0,
73,	54,	0,
74,	55,	0,
75,	56,	0,
76,	57,	0,
77,	58,	0,
78,	59,	0,
79,	60,	0,
80,	61,	0,
81,	62,	0,
82,	63,	0,
83,	64,	0,
84,	65,	0,
85,	66,	0,
86,	67,	0,
87,	68,	0,
88,	69,	0,
89,	70,	0,
90,	71,	0,
91,	72,	0,
92,	73,	0,
93,	74,	0,
94,	75,	0,
95,	76,	0,
96,	77,	0,
97,	78,	0,
98,	79,	0,
99,	80,	0,
100,	81,	0,
101,	81,	1,
102,	81,	2,
103,	82,	0,
104,	83,	0,
105,	84,	0,
106,	85,	0,
107,	86,	0,
108,	87,	0,
109,	87,	1,
110,	87,	2,
111,	87,	3,
112,	87,	4,
113,	87,	5,
114,	87,	6,
115,	87,	7,
116,	87,	8,
117,	87,	9,
118,	87,	10,
119,	87,	11,
120,	87,	12,
121,	87,	13,
122,	87,	14,
123,	87,	15,
124,	87,	16,
125,	88,	0,
126,	89,	0,
127,	90,	0,
128,	90,	1,
129,	90,	2,
130,	90,	3,
131,	90,	4,
132,	91,	0,
133,	92,	0,
134,	93,	0,
135,	94,	0,
136,	95,	0,
137,	96,	0,
138,	97,	0,
139,	98,	0,
140,	99,	0,
141,	100,	0,
142,	101,	0,
143,	102,	0,
144,	103,	0,
145,	104,	0,
146,	105,	0,
147,	106,	0,
148,	107,	0,
149,	108,	0,
150,	109,	0,
151,	110,	0,
152,	111,	0,
153,	112,	0,
154,	113,	0,
155,	114,	0,
156,	116,	0,
157,	117,	0,
158,	117,	1,
159,	118,	0,
160,	119,	0,
161,	120,	0,
162,	121,	0,
163,	121,	1,
164,	122,	0,
165,	122,	1,
166,	122,	2,
167,	124,	0,
168,	124,	1,
169,	124,	2,
170,	125,	0,
171,	126,	0,
172,	127,	0,
173,	128,	0,
174,	129,	0,
175,	130,	0,
176,	131,	0,
177,	132,	0,
178,	133,	0,
179,	134,	0,
180,	135,	0,
181,	136,	0,
182,	137,	0,
183,	138,	0,
184,	139,	0,
185,	139,	1,
186,	140,	0,
187,	141,	0,
188,	142,	0,
189,	143,	0,
190,	144,	0,
191,	145,	0,
192,	146,	0,
193,	147,	0,
194,	148,	0,
195,	149,	0,
196,	150,	0,
197,	151,	0,
198,	152,	0,
199,	152,	1,
200,	153,	0,
201,	154,	0,
202,	155,	0,
203,	156,	0,
204,	157,	0,
205,	158,	0,
206,	159,	0,
207,	160,	0,
208,	161,	0,
209,	162,	0,
210,	163,	0,
211,	163,	1,
212,	163,	2,
213,	164,	0,
214,	165,	0,
215,	166,	0,
216,	167,	0,
217,	168,	0,
218,	169,	0,
219,	170,	0,
220,	171,	0,
221,	172,	0,
222,	173,	0,
223,	174,	0,
224,	175,	0,
225,	176,	0,
226,	177,	0,
227,	178,	0,
228,	179,	0,
229,	180,	0,
230,	181,	0,
231,	182,	0,
232,	183,	0,
233,	184,	0,
234,	185,	0,
235,	186,	0,
236,	187,	0,
237,	188,	0,
238,	189,	0,
239,	190,	0,
240,	191,	0,
241,	192,	0,
242,	193,	0,
243,	194,	0,
244,	195,	0,
245,	196,	0,
246,	197,	0,
247,	198,	0,
248,	199,	0,
249,	200,	0,
250,	201,	0,
251,	202,	0,
252,	203,	0,
253,	203,	1,
254,	203,	2,
255,	204,	0,
256,	205,	0,
257,	206,	0,
258,	207,	0,
259,	208,	0,
260,	209,	0,
261,	210,	0,
262,	211,	0,
263,	212,	0,
264,	213,	0,
265,	214,	0,
266,	215,	0,
267,	216,	0,
268,	217,	0,
269,	218,	0,
270,	219,	0,
271,	220,	0,
272,	221,	0,
273,	222,	0,
274,	223,	0,
275,	224,	0,
276,	225,	0,
277,	226,	0,
278,	227,	0,
279,	228,	0,
280,	229,	0,
281,	230,	0,
282,	231,	0,
283,	232,	0,
284,	233,	0,
285,	234,	0,
286,	235,	0,
287,	236,	0,
288,	237,	0,
289,	238,	0,
290,	239,	0,
291,	240,	0,
292,	241,	0,
293,	242,	0,
294,	243,	0,
295,	244,	0,
296,	245,	0,
297,	247,	0,
298,	248,	0,
299,	249,	0,
300,	250,	0,
301,	251,	0,
302,	252,	0,
303,	253,	0,
304,	254,	0,
305,	256,	0,
306,	257,	0,
307,	258,	0,
308,	259,	0,
309,	260,	0,
310,	261,	0,
311,	262,	0,
312,	263,	0,
313,	264,	0,
314,	265,	0,
315,	266,	0,
316,	267,	0,
317,	268,	0,
318,	269,	0,
319,	270,	0,
320,	271,	0,
321,	272,	0,
322,	273,	0,
323,	274,	0,
324,	275,	0,
325,	275,	1,
326,	275,	2,
327,	275,	3,
328,	275,	4,
329,	275,	5,
330,	275,	6,
331,	275,	7,
332,	275,	8,
333,	275,	9,
334,	275,	10,
335,	275,	11,
336,	275,	12,
337,	275,	13,
338,	275,	14,
339,	275,	15,
340,	276,	0,
341,	277,	0,
342,	278,	0,
343,	279,	0,
344,	280,	0,
345,	281,	0,
346,	282,	0,
347,	282,	1,
348,	283,	0,
349,	284,	0,
350,	285,	0,
351,	286,	0,
352,	287,	0,
353,	288,	0,
354,	289,	0,
355,	290,	0,
356,	291,	0,
357,	292,	0,
358,	293,	0,
359,	294,	0,
360,	295,	0,
361,	296,	0,
362,	297,	0,
363,	298,	0,
364,	300,	0,
365,	301,	0,
366,	302,	0,
367,	303,	0,
368,	304,	0,
369,	305,	0,
370,	306,	0,
371,	307,	0,
372,	308,	0,
373,	309,	0,
374,	310,	0,
375,	311,	0,
376,	312,	0,
377,	313,	0,
378,	314,	0,
379,	315,	0,
380,	316,	0,
381,	317,	0,
382,	318,	0,
383,	319,	0,
384,	320,	0,
385,	321,	0,
386,	322,	0,
387,	323,	0,
388,	324,	0,
389,	325,	0,
390,	326,	0,
391,	327,	0,
392,	328,	0,
393,	329,	0,
394,	330,	0,
395,	331,	0,
396,	332,	0,
397,	333,	0,
398,	334,	0,
399,	335,	0,
400,	336,	0,
401,	337,	0,
402,	400,	0,
403,	401,	0,
404,	402,	0,
405,	403,	0,
406,	404,	0,
407,	405,	0,
408,	406,	0,
409,	407,	0,
